{
  "domain_names": [
    "code",
    "history",
    "math",
    "medical",
    "philosophy",
    "science"
  ],
  "bgd_matrix": [
    [
      0.0,
      5.954182532750338,
      6.242648654485321,
      6.149163196446064,
      5.923563416808231,
      6.0968405729970865
    ],
    [
      5.954182532750338,
      0.0,
      6.123952211590618,
      5.991261645124537,
      5.031920947956205,
      5.953146749834213
    ],
    [
      6.242648654485321,
      6.123952211590618,
      0.0,
      6.329408216694647,
      6.122427133773424,
      6.284026042262377
    ],
    [
      6.149163196446064,
      5.991261645124537,
      6.329408216694647,
      0.0,
      5.992591560328457,
      6.144091714707786
    ],
    [
      5.923563416808231,
      5.031920947956205,
      6.122427133773424,
      5.992591560328457,
      0.0,
      5.912811911195948
    ],
    [
      6.0968405729970865,
      5.953146749834213,
      6.284026042262377,
      6.144091714707786,
      5.912811911195948,
      0.0
    ]
  ]
}